
0000-1
111220
111255
111330
111345
111405
111410
111415
111510
114205
121005
121010
122105
122205
122405
123105
123110
123115
123205
123305
123405
123605
131115
131120
131205
131210
131305
131315
131320
141105
141115
141205
141305
141405
141410
141415
141420
141505
141510
141515
141605
141610
141615
141710
141720
141810
142105
142110
142115
142125
142130
142135
142205
142210
142305
142310
142315
142320
142325
142330
142335
142340
142345
142355
142405
142410
142415
142505
142510
142515
142520
142530
142535
142605
142705
142710
20105
20110
201110
20115
20205
202105
202110
203020
20305
20310
203210
203305
203515
204105
21105
21110
21205
21210
212205
212305
212310
212315
212320
212405
212410
212415
212420
212425
212430
213205
213210
213405
214005
214010
214105
214110
214115
214120
214125
214205
214215
214230
214255
214260
214270
214280
214305
214310
214315
214320
214360
214365
214405
214410
214505
214510
214605
214705
214805
214905
214915
214935
215305
221105
221205
222105
222110
222120
222205
222215
223208
223212
223220
223228
223232
223240
223248
223252
223256
223268
223272
223276
223280
223288
223293
223305
223310
223405
223415
223430
223435
223445
223505
223510
223520
223525
223530
223535
223540
223545
223560
223565
223605
223625
223630
223660
223705
223710
223810
223905
224105
224115
224120
224125
224130
224135
224140
225103
225105
225110
225115
225120
225124
225125
225127
225130
225133
225135
225136
225139
225140
225142
225151
225155
225165
225170
225175
225220
225225
225230
225250
225255
225265
225270
225275
225295
225320
226305
231105
231110
231205
231210
231305
231310
231315
231320
231325
231330
231335
231340
232105
232110
232115
232120
232125
232130
232135
232140
232145
232150
232155
232165
232170
233125
233135
233210
233215
233225
234120
234205
234210
234405
234410
234415
234425
234450
234505
234510
234515
234520
234616
234620
234624
234628
234632
234644
234652
234668
234672
234730
234770
234810
234915
239210
239225
239405
239410
239415
239425
239430
239435
241005
241010
241040
241210
241220
241225
241330
242205
242210
242220
242235
242250
242305
242405
251110
251120
251205
251215
251220
251225
251305
251505
251510
251520
251525
251530
251540
251550
251605
252105
252205
252210
252305
252310
252315
252320
252405
252515
252525
252530
252540
252545
252605
252705
252710
252715
252725
253110
253115
253120
253125
253140
253210
253215
253220
253225
253405
253410
254105
254310
254405
254410
254420
254505
261110
261115
261120
261125
261135
261205
261210
261305
261310
261410
261420
261425
261505
261615
261710
261715
261730
261805
261810
262105
262115
262135
262210
262405
262410
262615
262705
262830
262905
271105
300105
300305
301105
301110
30205
30305
311105
311410
311505
311515
311605
311710
311715
31205
31210
312105
312205
312210
312305
312310
312320
313105
313110
313115
313120
313125
313130
313205
313215
313220
313305
313310
313315
313320
313410
313415
313505
314105
314110
314115
314120
314125
314305
314405
314410
314615
314845
316110
316115
316305
316320
317105
317110
317120
317205
317210
318005
318105
318110
318305
318405
318420
318505
318510
318605
318610
318705
318805
320110
321105
321110
321310
322105
322120
322130
322205
322215
322220
322225
322230
322235
322305
322405
322410
322415
322420
322425
322430
322505
322605
322715
324115
324120
324205
324220
325105
325110
325115
325205
331105
331110
331205
331305
332105
332205
333105
333110
333115
334105
334110
334115
341240
342105
342110
342115
342120
342125
342205
342305
342310
342315
351105
351110
351115
351305
351315
351405
351415
351420
351425
351430
351505
351510
351605
351705
351710
351715
351720
351725
351730
351810
352205
352210
352310
352405
353230
353235
354120
354125
354130
354135
354140
354145
354150
354205
354210
354405
354415
354605
354705
354810
354815
354820
371105
371405
371410
372115
372205
373105
373130
373140
373220
374105
374110
374120
374125
374145
374150
374405
374420
375105
375110
375115
376305
376320
376410
376415
377110
391105
391115
391125
391130
391145
391205
391210
391215
391225
391230
395105
410105
410205
410210
410215
410220
410225
410230
410235
410240
411005
411010
411015
411020
411025
411030
411040
411045
411050
412105
412110
412115
412120
412205
413105
413110
413115
413205
413210
413215
413220
413225
414105
414110
414115
414120
414125
414135
414140
414205
414210
414215
415105
415115
415130
415205
415210
415215
420105
420110
420120
420125
420135
421105
421115
421120
421125
421205
421305
421310
421315
422105
422110
422120
422125
422130
422205
422210
422220
422305
422310
422315
422320
422335
423105
423110
423115
424105
424115
424120
424125
424130
424205
510105
510110
510115
510120
510130
510135
510310
511105
511110
511205
511210
511215
511405
512105
512115
512120
513105
513115
513205
513210
513215
513220
513225
513305
513315
513325
513405
513410
513415
513420
513425
513430
513435
513440
513505
513605
513610
513615
514110
514115
514120
514205
514215
514225
514230
514305
514310
514315
514320
514325
514330
515105
515110
515115
515120
515135
515140
515205
515210
515215
515225
515305
515310
515315
515320
515325
515330
516105
516110
516120
516125
516205
516210
516215
516305
516310
516320
516340
516345
516405
516410
516415
516505
516610
517110
517115
517205
517210
517215
517220
517225
517230
517305
517310
517315
517325
517330
517335
517405
517410
517415
517420
517425
519105
519110
519115
519205
519210
519215
519305
519310
519315
519320
519905
519910
519925
519930
519935
519940
520105
520110
521105
521110
521115
521120
521125
521130
521135
521140
523105
523110
523115
523120
524105
524215
524305
611005
612005
612215
612305
612320
620105
620110
620115
621005
622005
622010
622015
622020
622110
622115
622310
622315
622410
622420
622515
622620
622805
623020
623105
623110
623115
623120
623215
623305
623310
623315
632015
632120
632615
641005
641010
641015
642015
710105
710115
710120
710205
710220
710225
711105
711120
711130
711205
711210
711230
711320
712110
712120
712125
712205
712220
715110
715115
715120
715125
715130
715135
715140
715145
715205
715210
715220
715230
715305
715315
715405
715410
715415
715505
715510
715525
715535
715545
715610
715615
715705
715720
716105
716305
716315
716405
716510
716515
716525
716530
716610
717005
717010
717015
717020
717025
720135
720145
720155
720215
721105
721205
721210
721215
721220
721325
721405
721415
721425
722105
722215
723310
723315
723320
723330
724110
724115
724205
724220
724230
724310
724315
724325
724410
724415
724435
724440
724510
724515
725010
725020
725030
725105
725205
725210
725305
725310
725410
725415
725505
725705
730105
731110
731115
731125
731135
731140
731150
731180
731205
731305
731315
731320
731325
732105
732110
732115
732120
732125
732130
732140
740105
740110
741110
742105
751125
752110
752205
752225
752235
752320
760125
760305
760310
760605
761005
761410
762210
762315
763010
763015
763105
763110
763125
763210
763215
763310
763320
763325
765205
765235
765310
765315
766120
766125
766145
766205
766215
766220
766230
766235
766305
766310
766315
766320
766405
766420
768205
768625
770105
770110
771105
771110
771115
772105
773120
773125
773130
773205
773325
773405
773415
773510
774105
775115
777210
780105
781105
781310
782110
782115
782130
782145
782205
782220
782305
782310
782320
782405
782410
782505
782510
782515
782610
782615
782810
783105
783110
783205
783210
783215
783220
783225
784105
784110
784115
784120
784125
784205
791135
810110
810205
810305
811005
811105
811110
811205
811310
811630
811715
811745
811770
811775
811815
811820
813115
813125
818105
818110
820110
820205
821105
821205
821215
821305
821405
821415
821435
821440
821445
821450
823130
823210
823315
823320
823325
828110
831105
832115
832125
832135
833120
833125
840105
840110
840115
840120
841105
841115
841315
841408
841416
841428
841456
841468
841505
841610
841740
841745
841805
841810
842110
842115
842120
842215
848105
848115
848205
848305
848310
848315
848325
848425
848505
848510
848515
848520
848525
848605
860105
860110
860115
861205
862120
862150
862160
862205
862305
862310
862510
862515
910105
910115
910130
910205
910210
911105
911110
911115
911120
911205
911305
911310
911315
911320
911325
913110
913115
913120
913125
914105
914305
914405
914410
914415
914425
915105
915115
915305
919105
919110
919205
919310
950105
950110
950205
950305
951105
951305
951310
951315
951320
953105
953115
954120
954205
954305
991305
991310
991315
992105
992110
992115
992120
992205
992210
992225
999999
